2246709.152032258,
 1138794.980322581,
 20782330.612576913,
 1789176.1934540325,
 52149533.012218677,
 4429710.2093945807,
 5402828.5449124845,
 628312.33325143554,
 4732042.4725486627,
 4054059.2441080646,
 4440218.2140538711,
 1454241.3817566938,
 578272.95251845161,
 7099207.7478426127,
 9915990.0283629056,
 1286461.3830989518,
 733026.71424193552,
 2863631.5664516124,
 2760891.9193548388,
 1290618.4505063226,
 3014246.0903225811,
 1880686.1838709677,
 454615.65179846768,
 2002545.3501224995,
 1873809.7865806455,
 412306.91079662903,
 5791029.881896209,
 1879789.6515700649,
 931317.80387464538,
 1890192.8177419356,
 1672865.1234375164,
 140090.75766856453,
 2746663.4261358702,
 878198.60288351635,
 8786958.2545161303,
 2906991.2261910005,
 1395012.9032258065,
 3499522.908239516,
 5432495.9432238089,
 2196327.8661840647,
 46682601.410197116,
 1749015.1950836452,
 5533167.6983899195,
 3895052.0232538553,
 3943909.6742990003,
 69991310.554312691,
 8842991.2409489676,
 353045.52851806447,
 628090.25117054826,
 4629973.271975806,
 486086.79764909676,
 2243030.4185091131,
 3165990.1310115489,
 6654472.9101452902,
 4406007.9809677424,
 3574513.6739922576,
 1386102.0622572582,
 2101404.1785096778,
 1791489.2054645803,
 2910885.4975502258,
 237325.79109995166,
 2338705.294544613,
 1475800.4992545485,
 1720147.9687357266,
 1984756.2887655646,
 473228.59354838706,
 1805856.0091108708,
 28967881.273709673,
 6711457.80371363,
 500086.46008533868,
 904406.78831627418,
 2395288.218277419,
 3869802.9527170011,
 1861722.8158427423,
 920965.35080645164,
 2032759.9076937584,
 156918.99332358062,
 6444532.298590065,
 2349389.1885531936,
 3637067.3755800002,
 2394457.2934621605,
 204430.6281,
 1044916.7384688386,
 3435952.4004661925,
 3714793.7500348394,
 1960774.297937758,
 869892.65182887111,
 967049.43548387091,
 1617524.3277130646,
 2558378.3895769357,
 1705543.7297498712,
 1459097.6320161291,
 499497.9428276128,
 1430549.3147332901,
 4144842.4789848379,
 3645014.7293777424,
 11196312.785767743,
 7749942.2524135485,
 268805.6451612903,
 1179224.8566620967,
 1971956.358889258,
 91825.00119093548,
 2356977.5531475325,
 2542270.517271807,
 1192640.9152137095,
 352377.53000241949,
 858163.98870967748,
 912282.44979032245,
 2985703.2258064514,
 1472054.2318887096,
 1184017.7715626452,
 735810.27660483844,
 1953329.9639708712,
 1156321.1719460967,
 468842.56240325805,
 2107708.9082499999,
 743385.60964632255,
 3307529.6697256933,
 1201348.504119484,
 1777915.7897946774,
 92856238.783448637,
 1963387.3024503067,
 967965.44851683883,
 1401665.9661572583,
 14460171.040908001,
 537948.71006285481,
 942519.01745783875,
 16557396.985161291,
 1070356.0571486454,
 904354.90631241933,
 4720478.7191216126,
 5834360.7092206441,
 3005502.4422870972,
 293347.38136130647,
 2323503.3368448387,
 3730402.0887441928,
 2794739.2103407583,
 1019483.8095483871,
 1133818.8062264354,
 1570778.1039479356,
 1699010.0,
 3511565.2903301613,
 239751.54474193553,
 1973876.9854838708,
 2045496.2790878708,
 1050999.6352362421,
 1994461.0634441611,
 2749009.1935483869,
 1590641.6290322584,
 1734155.5819930325,
 2558247.6834847578,
 9971540.7121489532,
 1698834.1793548388,
 1906059.1496750321,
 16085409.577950632,
 1998969.7087103224,
 4845664.3464225,
 699940.0198321935,
 1336878.0242961126,
 2841248.8709677421,
 6326537.8084959202,
 275594.95914309676,
 834979.30645161285,
 1509686.3197252417,
 416508.51534000004,
 14374305.606519047,
 122465.32258064517,
 2173948.2827923871,
 18937820.978562515,
 1787446.2238036129,
 1245475.071179871,
 998601.94108877401,
 1002094.0115628387,
 13575924.893538225,
 1027601.1163306453,
 1779942.8612903226,
 1164187.872969758,
 1548491.3406244353,
 6029371.1907418082,
 308980.56435609673,
 1230989.435483871,
 3274330.3742307089,
 517668.38709677418,
 238254.07509677415,
 177690.89864138712,
 670077.34790722583,
 354793.36955429037,
 146828.25855645159,
 2597117.7476606453,
 962951.68949700007,
 2880211.6129032257,
 1096505.9533086289,
 139675.19758064515,
 224752.89999999999,
 2141630.8724997421,
 254786.22580645161,
 892415.08677419357,
 506760.34230887098,
 2283801.6870322581,
 2531526.0465371772,
 7604906.5720170969,
 6519948.9739127737,
 167430.90885096771,
 207793.19113548382,
 2443355.670574645,
 835895.42243433848,
 1845263.3218687098,
 1273855.4683727417,
 2278488.5553032258,
 1522141.1536828063,
 346116.0638607096,
 3083754.0130720963,
 1680112.3782258064,
 913145.56075301615,
 1467576.8709926612,
 274633.843677742,
 1238554.4463911613,
 23655595.992998067,
 2454689.1175370961,
 10356379.307324937,
 1225654.6758477255,
 2384126.0615847101,
 2266226.0089677419,
 3390843.9795624996,
 17244713.449525084,
 2300323.1905843383,
 135355.42362774193,
 2791007.6127223875,
 2002126.3483870965,
 12419416.52932558,
 144438.87096774194,
 1659700.3196801294,
 817840.43161240325,
 2047106.930646129,
 5833073.4048473546,
 1700589.0229274188,
 2518493.1254584831,
 1721533.0468711935,
 707782.39095333871,
 10527687.540322581,
 659590.13058819366,
 1308563.1620530004,
 6483954.744534838,
 1407236.1290322582,
 1314705.7710199677,
 1025382.3552822579,
 122781332.97512315,
 2686062.3370179678,
 747703.11562088714,
 1032974.4468266937,
 1320018.6235987416,
 4437727.6092709675,
 947281.3794067743,
 749433.05076270958,
 3008683.4897989989,
 2470539.3157548378,
 1527733.7784249354,
 1403908.5356302424,
 475447.1451612903,
 2977781.6020165151,
 2256226.0852055484,
 1586761.3864299355,
 1662683.1375745158,
 1399061.8898197417,
 1427658.5052100646,
 1505524.2733773228,
 1853521.1973190005,
 590775.40569193568